0 7 9 0.7163825757575757
0 2 3 6 8 10 0.7167613636363637
0 1 5 6 7 8 9 0.9203282828282827
0 3 4 6 9 10 0.9199494949494949
0 1 2 3 5 6 9 10 0.920391414141414
0 2 3 4 7 8 9 2.859280303030303
2 3 5 6 10 2.8595959595959597
3 5 7 8 9 2.8593118686868686
0 1 4 7 9 10 2.859280303030303
1 4 5 6 8 9 2.8597853535353535
2 3 6 8 9 10 2.859501262626263
3 4 6 7 10 2.8595959595959597
1 2 7 8 9 10 2.832512626262626
1 2 7 8 9 10 2.832512626262626
1 2 7 8 9 10 2.832512626262626
1 2 7 8 9 10 2.832512626262626
0 1 5 6 9 10 1.8178891605541971
4 7 8 10 1.8175266175266174
0 1 2 4 5 6 7 8 9 10 1.818018018018018
0 3 6 9 10 12.886363636363637
2 5 8 9 10 13.819444444444445
0 1 5 6 7 8 10 16.933333333333334
2 4 6 8 9 10 0.5067251461988301
